kinematics:
  shoulder:
    x: 0
    y: 0
    z: 0.0894297563087571
    roll: -0
    pitch: 0
    yaw: 2.714114154365323e-05
  upper_arm:
    x: 0.0001345759894064394
    y: 0
    z: 0
    roll: 1.57114841778325
    pitch: 0
    yaw: -0.0001266172943805609
  forearm:
    x: -0.4251354753856735
    y: 0
    z: 0
    roll: 0.001196509297803615
    pitch: 0.0005906402715945908
    yaw: 1.043817004130691e-05
  wrist_1:
    x: -0.3920852041618563
    y: -0.00156975446298503
    z: 0.1104928652798279
    roll: 0.01420588435006719
    pitch: 0.001452642562304768
    yaw: -0.0001338243572283255
  wrist_2:
    x: 1.277864230217693e-05
    y: -0.09483720192826969
    z: 5.277321366966917e-05
    roll: 1.570239865752715
    pitch: 0
    yaw: -7.38094325631114e-05
  wrist_3:
    x: 0.0004184593330269989
    y: 0.0824592599587561
    z: 7.876234369391632e-05
    roll: 1.571751493258682
    pitch: 3.141592653589793
    yaw: -3.141559191090251
  hash: calib_9920943124141326805